2025-11-01T00:00:00,3,4.4,41,0
2025-11-01T01:00:00,0,6.7,37,0
2025-11-01T02:00:00,11,6.2,44,0
2025-11-01T03:00:00,19,1.3,31,0
2025-11-01T04:00:00,51,5.2,38,0
2025-11-01T05:00:00,0,3.4,39,0
2025-11-01T06:00:00,767,18.8,52,0
2025-11-01T07:00:00,723,20.7,44,0
2025-11-01T08:00:00,57,5.8,34,0
2025-11-01T09:00:00,229,37.7,47,0
2025-11-01T10:00:00,182,26.7,48,0
2025-11-01T11:00:00,274,34.7,53,0
2025-11-01T12:00:00,184,18.0,41,0
2025-11-01T13:00:00,332,12.7,33,0
2025-11-01T14:00:00,269,32.6,54,0
2025-11-01T15:00:00,289,3.7,30,0
2025-11-01T16:00:00,201,25.5,45,0
2025-11-01T17:00:00,642,51.6,100,1
2025-11-01T18:00:00,836,28.8,54,0
2025-11-01T19:00:00,921,38.6,70,0
2025-11-01T20:00:00,33,3.2,22,0
2025-11-01T21:00:00,67,60.0,100,1
2025-11-01T22:00:00,125,36.3,53,0
2025-11-01T23:00:00,91,33.6,58,0
2025-11-02T00:00:00,21,14.8,42,0
2025-11-02T01:00:00,29,2.4,31,0
2025-11-02T02:00:00,51,9.1,44,0
2025-11-02T03:00:00,7,7.8,37,0
2025-11-02T04:00:00,3,13.6,37,0
2025-11-02T05:00:00,46,2.8,35,0
2025-11-02T06:00:00,582,17.2,40,0
2025-11-02T07:00:00,777,37.8,64,0
2025-11-02T08:00:00,834,13.8,51,0
2025-11-02T09:00:00,324,39.9,58,0
2025-11-02T10:00:00,374,25.8,45,0
2025-11-02T11:00:00,81,22.1,49,0
2025-11-02T12:00:00,217,1.5,28,0
2025-11-02T13:00:00,363,46.7,60,0
2025-11-02T14:00:00,52,32.8,48,0
2025-11-02T15:00:00,113,26.3,46,0
2025-11-02T16:00:00,295,29.3,59,0
2025-11-02T17:00:00,752,42.2,72,0
2025-11-02T18:00:00,745,60.0,100,1
2025-11-02T19:00:00,277,44.6,54,0
2025-11-02T20:00:00,187,20.1,43,0
2025-11-02T21:00:00,39,49.1,55,0
2025-11-02T22:00:00,56,27.3,39,0
2025-11-02T23:00:00,162,9.3,45,0
2025-11-03T00:00:00,78,0.0,40,0
2025-11-03T01:00:00,3,14.5,43,0
2025-11-03T02:00:00,19,6.8,37,0
2025-11-03T03:00:00,4,3.6,38,0
2025-11-03T04:00:00,49,4.2,47,0
2025-11-03T05:00:00,8,20.8,43,0
2025-11-03T06:00:00,284,19.7,45,0
2025-11-03T07:00:00,850,0.0,39,0
2025-11-03T08:00:00,862,0.0,42,0
2025-11-03T09:00:00,403,33.4,54,0
2025-11-03T10:00:00,50,25.7,43,0
2025-11-03T11:00:00,243,7.7,30,0
2025-11-03T12:00:00,145,0.0,26,0
2025-11-03T13:00:00,413,26.1,53,0
2025-11-03T14:00:00,87,14.9,43,0
2025-11-03T15:00:00,264,60.0,100,1
2025-11-03T16:00:00,221,21.7,54,0
2025-11-03T17:00:00,1034,32.0,67,0
2025-11-03T18:00:00,855,0.0,32,0
2025-11-03T19:00:00,679,46.9,62,0
2025-11-03T20:00:00,0,46.6,54,0
2025-11-03T21:00:00,203,36.2,57,0
2025-11-03T22:00:00,69,12.2,30,0
2025-11-03T23:00:00,0,23.7,47,0
2025-11-04T00:00:00,14,13.6,43,0
2025-11-04T01:00:00,0,4.7,31,0
2025-11-04T02:00:00,10,14.2,48,0
2025-11-04T03:00:00,0,8.3,34,0
2025-11-04T04:00:00,25,1.2,46,0
2025-11-04T05:00:00,0,7.8,37,0
2025-11-04T06:00:00,614,18.9,38,0
2025-11-04T07:00:00,391,28.0,59,0
2025-11-04T08:00:00,898,22.7,46,0
2025-11-04T09:00:00,368,7.9,47,0
2025-11-04T10:00:00,207,29.4,43,0
2025-11-04T11:00:00,197,45.6,49,0
2025-11-04T12:00:00,402,12.6,41,0
2025-11-04T13:00:00,309,34.7,52,0
2025-11-04T14:00:00,108,36.9,48,0
2025-11-04T15:00:00,62,43.5,51,0
2025-11-04T16:00:00,190,34.2,48,0
2025-11-04T17:00:00,885,56.6,100,1
2025-11-04T18:00:00,645,21.2,46,0
2025-11-04T19:00:00,479,39.1,65,0
2025-11-04T20:00:00,283,9.0,34,0
2025-11-04T21:00:00,49,35.0,48,0
2025-11-04T22:00:00,40,8.6,39,0
2025-11-04T23:00:00,62,14.4,49,0
2025-11-05T00:00:00,17,8.6,44,0
2025-11-05T01:00:00,7,10.7,37,0
2025-11-05T02:00:00,41,9.1,41,0
2025-11-05T03:00:00,14,1.8,31,0
2025-11-05T04:00:00,10,0.0,37,0
2025-11-05T05:00:00,0,10.2,44,0
2025-11-05T06:00:00,458,22.0,39,0
2025-11-05T07:00:00,514,15.7,45,0
2025-11-05T08:00:00,641,17.3,46,0
2025-11-05T09:00:00,100,32.9,53,0
2025-11-05T10:00:00,126,24.1,41,0
2025-11-05T11:00:00,149,37.4,53,0
2025-11-05T12:00:00,537,20.2,47,0
2025-11-05T13:00:00,359,0.0,34,0
2025-11-05T14:00:00,0,0.0,18,0
2025-11-05T15:00:00,230,21.6,36,0
2025-11-05T16:00:00,178,44.8,50,0
2025-11-05T17:00:00,512,40.5,66,0
2025-11-05T18:00:00,693,28.8,53,0
2025-11-05T19:00:00,892,37.6,69,0
2025-11-05T20:00:00,53,43.6,59,0
2025-11-05T21:00:00,81,19.1,41,0
2025-11-05T22:00:00,63,0.0,31,0
2025-11-05T23:00:00,0,35.9,49,0
2025-11-06T00:00:00,11,0.0,41,0
2025-11-06T01:00:00,0,0.0,39,0
2025-11-06T02:00:00,0,5.6,41,0
2025-11-06T03:00:00,10,1.1,42,0
2025-11-06T04:00:00,15,2.4,37,0
2025-11-06T05:00:00,3,0.0,39,0
2025-11-06T06:00:00,890,22.3,60,0
2025-11-06T07:00:00,794,17.1,55,0
2025-11-06T08:00:00,584,15.2,36,0
2025-11-06T09:00:00,211,43.5,56,0
2025-11-06T10:00:00,292,9.6,29,0
2025-11-06T11:00:00,62,34.5,45,0
2025-11-06T12:00:00,387,40.7,62,0
2025-11-06T13:00:00,194,17.0,30,0
2025-11-06T14:00:00,253,24.9,42,0
2025-11-06T15:00:00,188,27.7,46,0
2025-11-06T16:00:00,134,39.6,50,0
2025-11-06T17:00:00,666,29.8,49,0
2025-11-06T18:00:00,1075,56.0,100,1
2025-11-06T19:00:00,1279,43.8,72,0
2025-11-06T20:00:00,43,21.7,38,0
2025-11-06T21:00:00,141,60.0,100,1
2025-11-06T22:00:00,0,15.7,29,0
2025-11-06T23:00:00,1,16.6,53,0
2025-11-07T00:00:00,0,0.0,38,0
2025-11-07T01:00:00,65,6.0,38,0
2025-11-07T02:00:00,0,0.0,36,0
2025-11-07T03:00:00,13,6.9,36,0
2025-11-07T04:00:00,66,0.0,45,0
2025-11-07T05:00:00,0,17.1,46,0
2025-11-07T06:00:00,898,0.0,43,0
2025-11-07T07:00:00,454,0.0,34,0
2025-11-07T08:00:00,729,11.9,42,0
2025-11-07T09:00:00,84,9.5,31,0
2025-11-07T10:00:00,170,21.5,37,0
2025-11-07T11:00:00,214,27.7,48,0
2025-11-07T12:00:00,40,29.2,46,0
2025-11-07T13:00:00,65,43.1,51,0
2025-11-07T14:00:00,154,28.7,48,0
2025-11-07T15:00:00,161,13.3,35,0
2025-11-07T16:00:00,269,22.5,41,0
2025-11-07T17:00:00,871,58.2,100,1
2025-11-07T18:00:00,441,42.6,60,0
2025-11-07T19:00:00,953,48.9,68,0
2025-11-07T20:00:00,219,50.7,100,1
2025-11-07T21:00:00,27,50.0,95,1
2025-11-07T22:00:00,69,22.7,36,0
2025-11-07T23:00:00,8,0.0,38,0
2025-11-08T00:00:00,16,0.0,30,0
2025-11-08T01:00:00,0,5.9,41,0
2025-11-08T02:00:00,0,5.9,40,0
2025-11-08T03:00:00,21,1.6,34,0
2025-11-08T04:00:00,58,3.4,32,0
2025-11-08T05:00:00,0,6.6,32,0
2025-11-08T06:00:00,294,3.8,36,0
2025-11-08T07:00:00,285,16.8,39,0
2025-11-08T08:00:00,708,14.9,41,0
2025-11-08T09:00:00,202,16.3,31,0
2025-11-08T10:00:00,297,18.9,42,0
2025-11-08T11:00:00,310,20.0,46,0
2025-11-08T12:00:00,663,35.1,53,0
2025-11-08T13:00:00,826,19.4,49,0
2025-11-08T14:00:00,325,3.6,34,0
2025-11-08T15:00:00,195,6.7,29,0
2025-11-08T16:00:00,106,17.2,41,0
2025-11-08T17:00:00,410,25.2,55,0
2025-11-08T18:00:00,626,49.8,61,0
2025-11-08T19:00:00,498,16.4,56,0
2025-11-08T20:00:00,41,60.0,100,1
2025-11-08T21:00:00,12,47.2,57,0
2025-11-08T22:00:00,62,20.6,35,0
2025-11-08T23:00:00,0,0.0,37,0
2025-11-09T00:00:00,85,2.1,35,0
2025-11-09T01:00:00,48,2.9,36,0
2025-11-09T02:00:00,28,2.6,37,0
2025-11-09T03:00:00,0,3.8,31,0
2025-11-09T04:00:00,63,8.7,41,0
2025-11-09T05:00:00,0,10.3,38,0
2025-11-09T06:00:00,848,12.1,57,0
2025-11-09T07:00:00,234,0.0,29,0
2025-11-09T08:00:00,590,0.0,27,0
2025-11-09T09:00:00,144,11.6,33,0
2025-11-09T10:00:00,69,12.3,34,0
2025-11-09T11:00:00,301,15.2,38,0
2025-11-09T12:00:00,298,24.2,37,0
2025-11-09T13:00:00,328,10.6,29,0
2025-11-09T14:00:00,261,42.2,56,0
2025-11-09T15:00:00,0,36.4,43,0
2025-11-09T16:00:00,35,22.3,34,0
2025-11-09T17:00:00,604,0.0,39,0
2025-11-09T18:00:00,536,17.0,38,0
2025-11-09T19:00:00,949,27.3,63,0
2025-11-09T20:00:00,23,43.8,50,0
2025-11-09T21:00:00,220,60.0,97,1
2025-11-09T22:00:00,66,37.3,52,0
2025-11-09T23:00:00,137,8.8,32,0
2025-11-10T00:00:00,42,3.7,42,0
2025-11-10T01:00:00,46,0.0,32,0
2025-11-10T02:00:00,22,9.8,36,0
2025-11-10T03:00:00,77,8.5,45,0
2025-11-10T04:00:00,32,14.0,44,0
2025-11-10T05:00:00,0,8.0,44,0
2025-11-10T06:00:00,482,8.2,35,0
2025-11-10T07:00:00,657,18.1,53,0
2025-11-10T08:00:00,455,3.2,33,0
2025-11-10T09:00:00,282,46.8,57,0
2025-11-10T10:00:00,218,15.3,30,0
2025-11-10T11:00:00,342,0.0,32,0
2025-11-10T12:00:00,291,14.1,36,0
2025-11-10T13:00:00,131,14.5,29,0
2025-11-10T14:00:00,0,2.5,18,0
2025-11-10T15:00:00,77,6.6,32,0
2025-11-10T16:00:00,132,18.0,46,0
2025-11-10T17:00:00,774,0.0,37,0
2025-11-10T18:00:00,144,47.5,53,0
2025-11-10T19:00:00,798,51.5,100,1
2025-11-10T20:00:00,91,50.7,96,1
2025-11-10T21:00:00,242,31.0,34,0
2025-11-10T22:00:00,230,2.4,37,0
2025-11-10T23:00:00,202,0.0,41,0
2025-11-11T00:00:00,0,10.2,30,0
2025-11-11T01:00:00,29,15.3,46,0
2025-11-11T02:00:00,0,5.3,39,0
2025-11-11T03:00:00,0,3.4,41,0
2025-11-11T04:00:00,81,3.0,43,0
2025-11-11T05:00:00,63,8.6,45,0
2025-11-11T06:00:00,398,24.8,46,0
2025-11-11T07:00:00,577,11.1,44,0
2025-11-11T08:00:00,397,17.5,43,0
2025-11-11T09:00:00,149,53.1,96,1
2025-11-11T10:00:00,350,0.0,28,0
2025-11-11T11:00:00,159,27.8,47,0
2025-11-11T12:00:00,368,13.8,34,0
2025-11-11T13:00:00,270,27.6,43,0
2025-11-11T14:00:00,268,48.2,62,0
2025-11-11T15:00:00,188,34.1,45,0
2025-11-11T16:00:00,330,54.7,100,1
2025-11-11T17:00:00,793,39.9,67,0
2025-11-11T18:00:00,663,60.0,100,1
2025-11-11T19:00:00,743,43.0,67,0
2025-11-11T20:00:00,58,39.4,44,0
2025-11-11T21:00:00,81,58.3,100,1
2025-11-11T22:00:00,119,26.2,33,0
2025-11-11T23:00:00,7,25.2,49,0
2025-11-12T00:00:00,3,2.7,31,0
2025-11-12T01:00:00,6,11.0,45,0
2025-11-12T02:00:00,26,0.8,31,0
2025-11-12T03:00:00,81,0.0,35,0
2025-11-12T04:00:00,0,2.1,26,0
2025-11-12T05:00:00,0,4.4,34,0
2025-11-12T06:00:00,469,9.2,44,0
2025-11-12T07:00:00,529,1.7,39,0
2025-11-12T08:00:00,531,18.3,45,0
2025-11-12T09:00:00,210,45.2,60,0
2025-11-12T10:00:00,212,8.5,31,0
2025-11-12T11:00:00,188,11.6,41,0
2025-11-12T12:00:00,240,17.9,27,0
2025-11-12T13:00:00,170,15.8,36,0
2025-11-12T14:00:00,92,47.5,61,0
2025-11-12T15:00:00,73,0.7,22,0
2025-11-12T16:00:00,235,33.6,43,0
2025-11-12T17:00:00,658,60.0,100,1
2025-11-12T18:00:00,701,35.0,55,0
2025-11-12T19:00:00,688,57.7,100,1
2025-11-12T20:00:00,73,36.7,47,0
2025-11-12T21:00:00,77,24.0,43,0
2025-11-12T22:00:00,47,23.3,33,0
2025-11-12T23:00:00,127,31.4,62,0
2025-11-13T00:00:00,0,2.0,31,0
2025-11-13T01:00:00,11,5.1,35,0
2025-11-13T02:00:00,13,2.5,31,0
2025-11-13T03:00:00,0,0.0,39,0
2025-11-13T04:00:00,19,5.7,41,0
2025-11-13T05:00:00,36,13.3,44,0
2025-11-13T06:00:00,714,11.6,40,0
2025-11-13T07:00:00,734,32.9,63,0
2025-11-13T08:00:00,639,32.5,52,0
2025-11-13T09:00:00,66,21.1,33,0
2025-11-13T10:00:00,219,12.8,45,0
2025-11-13T11:00:00,22,30.6,42,0
2025-11-13T12:00:00,344,9.5,34,0
2025-11-13T13:00:00,213,17.8,43,0
2025-11-13T14:00:00,240,38.5,56,0
2025-11-13T15:00:00,211,21.1,32,0
2025-11-13T16:00:00,158,31.0,49,0
2025-11-13T17:00:00,331,33.0,48,0
2025-11-13T18:00:00,707,40.9,55,0
2025-11-13T19:00:00,182,13.9,34,0
2025-11-13T20:00:00,0,32.0,42,0
2025-11-13T21:00:00,192,34.8,53,0
2025-11-13T22:00:00,201,13.9,42,0
2025-11-13T23:00:00,261,46.6,72,0
2025-11-14T00:00:00,0,0.0,34,0
2025-11-14T01:00:00,0,9.3,37,0
2025-11-14T02:00:00,0,2.5,41,0
2025-11-14T03:00:00,20,13.5,49,0
2025-11-14T04:00:00,40,1.9,36,0
2025-11-14T05:00:00,42,0.0,38,0
2025-11-14T06:00:00,729,12.9,52,0
2025-11-14T07:00:00,492,18.5,38,0
2025-11-14T08:00:00,686,11.4,41,0
2025-11-14T09:00:00,132,50.4,92,1
2025-11-14T10:00:00,168,33.8,52,0
2025-11-14T11:00:00,342,9.3,41,0
2025-11-14T12:00:00,409,6.0,42,0
2025-11-14T13:00:00,345,36.7,46,0
2025-11-14T14:00:00,68,15.4,31,0
2025-11-14T15:00:00,110,29.4,47,0
2025-11-14T16:00:00,248,26.2,48,0
2025-11-14T17:00:00,1153,60.0,100,1
2025-11-14T18:00:00,910,57.6,100,1
2025-11-14T19:00:00,697,31.5,59,0
2025-11-14T20:00:00,122,44.4,51,0
2025-11-14T21:00:00,35,33.4,42,0
2025-11-14T22:00:00,46,19.8,32,0
2025-11-14T23:00:00,27,26.1,45,0
2025-11-15T00:00:00,0,18.6,41,0
2025-11-15T01:00:00,7,0.5,39,0
2025-11-15T02:00:00,16,5.9,36,0
2025-11-15T03:00:00,52,9.5,37,0
2025-11-15T04:00:00,60,7.4,37,0
2025-11-15T05:00:00,0,7.3,37,0
2025-11-15T06:00:00,180,16.9,44,0
2025-11-15T07:00:00,578,26.2,54,0
2025-11-15T08:00:00,754,13.3,48,0
2025-11-15T09:00:00,349,9.4,30,0
2025-11-15T10:00:00,272,36.1,45,0
2025-11-15T11:00:00,336,23.5,45,0
2025-11-15T12:00:00,412,34.6,48,0
2025-11-15T13:00:00,237,34.5,53,0
2025-11-15T14:00:00,149,1.7,33,0
2025-11-15T15:00:00,107,41.7,48,0
2025-11-15T16:00:00,273,25.4,48,0
2025-11-15T17:00:00,406,41.2,63,0
2025-11-15T18:00:00,634,47.4,65,0
2025-11-15T19:00:00,400,60.0,100,1
2025-11-15T20:00:00,51,2.9,17,0
2025-11-15T21:00:00,105,44.4,49,0
2025-11-15T22:00:00,45,23.3,31,0
2025-11-15T23:00:00,95,0.0,34,0
2025-11-16T00:00:00,64,0.0,37,0
2025-11-16T01:00:00,0,13.0,46,0
2025-11-16T02:00:00,8,8.2,40,0
2025-11-16T03:00:00,50,0.0,34,0
2025-11-16T04:00:00,0,5.1,34,0
2025-11-16T05:00:00,40,8.0,37,0
2025-11-16T06:00:00,756,27.7,51,0
2025-11-16T07:00:00,737,26.6,54,0
2025-11-16T08:00:00,146,0.0,26,0
2025-11-16T09:00:00,182,2.7,24,0
2025-11-16T10:00:00,108,44.3,57,0
2025-11-16T11:00:00,190,4.5,34,0
2025-11-16T12:00:00,280,34.6,47,0
2025-11-16T13:00:00,419,60.0,100,1
2025-11-16T14:00:00,296,7.4,42,0
2025-11-16T15:00:00,0,37.8,53,0
2025-11-16T16:00:00,147,48.8,60,0
2025-11-16T17:00:00,557,15.1,42,0
2025-11-16T18:00:00,371,16.5,48,0
2025-11-16T19:00:00,409,16.8,47,0
2025-11-16T20:00:00,114,37.9,44,0
2025-11-16T21:00:00,47,38.9,53,0
2025-11-16T22:00:00,0,12.6,43,0
2025-11-16T23:00:00,59,29.9,49,0
2025-11-17T00:00:00,0,11.4,45,0
2025-11-17T01:00:00,0,3.9,38,0
2025-11-17T02:00:00,0,9.7,34,0
2025-11-17T03:00:00,3,6.6,33,0
2025-11-17T04:00:00,28,10.7,48,0
2025-11-17T05:00:00,28,0.0,42,0
2025-11-17T06:00:00,326,22.4,47,0
2025-11-17T07:00:00,918,0.0,41,0
2025-11-17T08:00:00,624,29.1,53,0
2025-11-17T09:00:00,70,7.8,39,0
2025-11-17T10:00:00,184,41.2,65,0
2025-11-17T11:00:00,26,32.3,45,0
2025-11-17T12:00:00,366,14.6,48,0
2025-11-17T13:00:00,156,47.9,50,0
2025-11-17T14:00:00,192,17.6,38,0
2025-11-17T15:00:00,144,15.9,37,0
2025-11-17T16:00:00,197,12.0,29,0
2025-11-17T17:00:00,285,5.6,30,0
2025-11-17T18:00:00,776,23.5,49,0
2025-11-17T19:00:00,410,15.3,45,0
2025-11-17T20:00:00,0,27.6,53,0
2025-11-17T21:00:00,0,33.3,41,0
2025-11-17T22:00:00,129,4.0,32,0
2025-11-17T23:00:00,170,10.9,52,0
2025-11-18T00:00:00,0,7.6,39,0
2025-11-18T01:00:00,29,2.6,42,0
2025-11-18T02:00:00,31,8.4,43,0
2025-11-18T03:00:00,27,5.1,48,0
2025-11-18T04:00:00,37,1.2,34,0
2025-11-18T05:00:00,0,0.0,34,0
2025-11-18T06:00:00,590,26.2,50,0
2025-11-18T07:00:00,731,13.1,48,0
2025-11-18T08:00:00,188,8.6,29,0
2025-11-18T09:00:00,0,0.0,29,0
2025-11-18T10:00:00,125,14.9,40,0
2025-11-18T11:00:00,132,19.5,38,0
2025-11-18T12:00:00,43,16.6,50,0
2025-11-18T13:00:00,254,39.8,53,0
2025-11-18T14:00:00,149,48.3,53,0
2025-11-18T15:00:00,221,20.4,41,0
2025-11-18T16:00:00,229,8.6,35,0
2025-11-18T17:00:00,441,27.0,56,0
2025-11-18T18:00:00,1177,38.9,67,0
2025-11-18T19:00:00,505,9.2,39,0
2025-11-18T20:00:00,107,19.7,44,0
2025-11-18T21:00:00,200,49.3,50,0
2025-11-18T22:00:00,86,0.0,28,0
2025-11-18T23:00:00,77,0.0,32,0
2025-11-19T00:00:00,0,0.2,30,0
2025-11-19T01:00:00,0,4.5,36,0
2025-11-19T02:00:00,9,9.3,41,0
2025-11-19T03:00:00,56,0.0,40,0
2025-11-19T04:00:00,0,4.8,36,0
2025-11-19T05:00:00,30,1.7,43,0
2025-11-19T06:00:00,424,25.2,58,0
2025-11-19T07:00:00,520,17.2,37,0
2025-11-19T08:00:00,372,10.0,36,0
2025-11-19T09:00:00,241,31.3,61,0
2025-11-19T10:00:00,199,31.2,55,0
2025-11-19T11:00:00,187,49.4,54,0
2025-11-19T12:00:00,303,18.5,37,0
2025-11-19T13:00:00,568,51.0,100,1
2025-11-19T14:00:00,153,21.9,36,0
2025-11-19T15:00:00,86,15.0,36,0
2025-11-19T16:00:00,0,22.3,35,0
2025-11-19T17:00:00,425,41.4,65,0
2025-11-19T18:00:00,342,59.5,100,1
2025-11-19T19:00:00,663,40.3,61,0
2025-11-19T20:00:00,0,1.0,32,0
2025-11-19T21:00:00,142,56.1,100,1
2025-11-19T22:00:00,89,25.4,40,0
2025-11-19T23:00:00,0,14.1,31,0
2025-11-20T00:00:00,5,7.3,37,0
2025-11-20T01:00:00,0,0.3,38,0
2025-11-20T02:00:00,3,14.1,38,0
2025-11-20T03:00:00,25,16.1,54,0
2025-11-20T04:00:00,91,0.0,35,0
2025-11-20T05:00:00,6,1.8,36,0
2025-11-20T06:00:00,702,7.5,44,0
2025-11-20T07:00:00,772,18.3,45,0
2025-11-20T08:00:00,587,28.2,45,0
2025-11-20T09:00:00,224,44.1,59,0
2025-11-20T10:00:00,237,19.9,45,0
2025-11-20T11:00:00,216,25.9,32,0
2025-11-20T12:00:00,268,46.8,58,0
2025-11-20T13:00:00,271,34.5,54,0
2025-11-20T14:00:00,71,43.5,47,0
2025-11-20T15:00:00,145,35.8,47,0
2025-11-20T16:00:00,83,30.8,47,0
2025-11-20T17:00:00,654,18.2,52,0
2025-11-20T18:00:00,401,32.8,49,0
2025-11-20T19:00:00,756,45.8,66,0
2025-11-20T20:00:00,0,60.0,100,1
2025-11-20T21:00:00,207,13.9,37,0
2025-11-20T22:00:00,163,12.6,35,0
2025-11-20T23:00:00,167,35.1,62,0
2025-11-21T00:00:00,0,0.0,34,0
2025-11-21T01:00:00,32,7.8,32,0
2025-11-21T02:00:00,28,4.8,31,0
2025-11-21T03:00:00,26,19.8,53,0
2025-11-21T04:00:00,8,6.2,38,0
2025-11-21T05:00:00,23,6.4,25,0
2025-11-21T06:00:00,448,24.8,48,0
2025-11-21T07:00:00,849,4.2,49,0
2025-11-21T08:00:00,437,9.7,35,0
2025-11-21T09:00:00,287,1.2,30,0
2025-11-21T10:00:00,203,37.5,52,0
2025-11-21T11:00:00,108,0.0,25,0
2025-11-21T12:00:00,329,19.3,54,0
2025-11-21T13:00:00,274,30.7,44,0
2025-11-21T14:00:00,108,35.1,48,0
2025-11-21T15:00:00,175,5.9,27,0
2025-11-21T16:00:00,321,16.0,43,0
2025-11-21T17:00:00,860,60.0,100,1
2025-11-21T18:00:00,641,38.0,56,0
2025-11-21T19:00:00,369,32.7,55,0
2025-11-21T20:00:00,207,43.1,59,0
2025-11-21T21:00:00,308,60.0,99,1
2025-11-21T22:00:00,18,0.0,25,0
2025-11-21T23:00:00,195,22.9,48,0
2025-11-22T00:00:00,13,0.0,41,0
2025-11-22T01:00:00,0,2.5,43,0
2025-11-22T02:00:00,0,0.0,29,0
2025-11-22T03:00:00,0,5.2,41,0
2025-11-22T04:00:00,0,6.3,36,0
2025-11-22T05:00:00,0,4.1,44,0
2025-11-22T06:00:00,238,21.4,50,0
2025-11-22T07:00:00,520,0.0,36,0
2025-11-22T08:00:00,415,38.4,57,0
2025-11-22T09:00:00,245,42.1,55,0
2025-11-22T10:00:00,247,34.4,61,0
2025-11-22T11:00:00,19,11.4,36,0
2025-11-22T12:00:00,244,7.5,33,0
2025-11-22T13:00:00,693,0.0,40,0
2025-11-22T14:00:00,217,8.5,37,0
2025-11-22T15:00:00,176,22.6,53,0
2025-11-22T16:00:00,43,32.7,49,0
2025-11-22T17:00:00,394,10.8,39,0
2025-11-22T18:00:00,602,60.0,100,1
2025-11-22T19:00:00,490,57.5,100,1
2025-11-22T20:00:00,203,0.0,29,0
2025-11-22T21:00:00,0,44.9,52,0
2025-11-22T22:00:00,150,7.5,25,0
2025-11-22T23:00:00,0,22.7,56,0
2025-11-23T00:00:00,23,0.2,40,0
2025-11-23T01:00:00,0,0.0,35,0
2025-11-23T02:00:00,24,11.1,42,0
2025-11-23T03:00:00,87,14.1,46,0
2025-11-23T04:00:00,0,7.0,37,0
2025-11-23T05:00:00,24,7.2,45,0
2025-11-23T06:00:00,641,7.3,45,0
2025-11-23T07:00:00,407,22.1,46,0
2025-11-23T08:00:00,390,3.8,26,0
2025-11-23T09:00:00,189,11.2,39,0
2025-11-23T10:00:00,214,33.4,54,0
2025-11-23T11:00:00,60,0.0,22,0
2025-11-23T12:00:00,472,35.0,56,0
2025-11-23T13:00:00,465,20.4,46,0
2025-11-23T14:00:00,384,40.6,53,0
2025-11-23T15:00:00,389,9.9,50,0
2025-11-23T16:00:00,0,21.5,32,0
2025-11-23T17:00:00,840,42.3,76,0
2025-11-23T18:00:00,332,23.5,53,0
2025-11-23T19:00:00,1245,36.2,65,0
2025-11-23T20:00:00,124,4.7,33,0
2025-11-23T21:00:00,69,59.3,100,1
2025-11-23T22:00:00,95,13.1,50,0
2025-11-23T23:00:00,26,34.9,54,0
2025-11-24T00:00:00,0,11.0,45,0
2025-11-24T01:00:00,0,7.5,40,0
2025-11-24T02:00:00,0,4.7,33,0
2025-11-24T03:00:00,12,3.3,41,0
2025-11-24T04:00:00,25,7.1,44,0
2025-11-24T05:00:00,0,9.6,41,0
2025-11-24T06:00:00,847,10.6,52,0
2025-11-24T07:00:00,577,33.5,62,0
2025-11-24T08:00:00,1011,9.5,49,0
2025-11-24T09:00:00,171,19.5,45,0
2025-11-24T10:00:00,310,9.8,39,0
2025-11-24T11:00:00,278,25.5,52,0
2025-11-24T12:00:00,206,35.0,52,0
2025-11-24T13:00:00,419,5.3,30,0
2025-11-24T14:00:00,130,36.9,40,0
2025-11-24T15:00:00,200,9.4,45,0
2025-11-24T16:00:00,201,60.0,100,1
2025-11-24T17:00:00,645,13.8,46,0
2025-11-24T18:00:00,740,48.1,64,0
2025-11-24T19:00:00,968,19.0,52,0
2025-11-24T20:00:00,23,60.0,99,1
2025-11-24T21:00:00,46,32.1,52,0
2025-11-24T22:00:00,111,5.2,33,0
2025-11-24T23:00:00,43,7.1,33,0
2025-11-25T00:00:00,0,10.7,41,0
2025-11-25T01:00:00,21,11.7,38,0
2025-11-25T02:00:00,0,0.0,43,0
2025-11-25T03:00:00,0,12.4,46,0
2025-11-25T04:00:00,0,4.1,36,0
2025-11-25T05:00:00,20,0.0,40,0
2025-11-25T06:00:00,800,22.7,54,0
2025-11-25T07:00:00,356,3.6,31,0
2025-11-25T08:00:00,422,16.9,36,0
2025-11-25T09:00:00,107,32.0,46,0
2025-11-25T10:00:00,17,51.6,100,1
2025-11-25T11:00:00,274,15.2,40,0
2025-11-25T12:00:00,134,3.6,32,0
2025-11-25T13:00:00,269,27.7,44,0
2025-11-25T14:00:00,199,21.0,38,0
2025-11-25T15:00:00,222,29.1,49,0
2025-11-25T16:00:00,0,26.7,46,0
2025-11-25T17:00:00,882,35.6,64,0
2025-11-25T18:00:00,561,23.4,47,0
2025-11-25T19:00:00,632,40.5,52,0
2025-11-25T20:00:00,139,48.9,54,0
2025-11-25T21:00:00,88,36.9,58,0
2025-11-25T22:00:00,0,3.1,22,0
2025-11-25T23:00:00,22,31.7,48,0
2025-11-26T00:00:00,0,3.0,43,0
2025-11-26T01:00:00,22,8.2,43,0
2025-11-26T02:00:00,58,0.0,35,0
2025-11-26T03:00:00,38,7.8,46,0
2025-11-26T04:00:00,0,11.4,41,0
2025-11-26T05:00:00,5,2.8,41,0
2025-11-26T06:00:00,787,20.4,53,0
2025-11-26T07:00:00,734,3.3,41,0
2025-11-26T08:00:00,488,21.2,42,0
2025-11-26T09:00:00,225,25.9,40,0
2025-11-26T10:00:00,217,33.2,54,0
2025-11-26T11:00:00,140,18.0,37,0
2025-11-26T12:00:00,529,31.4,50,0
2025-11-26T13:00:00,311,21.3,37,0
2025-11-26T14:00:00,195,37.1,43,0
2025-11-26T15:00:00,146,11.8,36,0
2025-11-26T16:00:00,164,50.9,98,1
2025-11-26T17:00:00,791,24.2,52,0
2025-11-26T18:00:00,572,45.5,66,0
2025-11-26T19:00:00,765,57.3,100,1
2025-11-26T20:00:00,117,26.1,49,0
2025-11-26T21:00:00,107,60.0,91,1
2025-11-26T22:00:00,72,45.6,51,0
2025-11-26T23:00:00,272,25.2,53,0
2025-11-27T00:00:00,0,2.7,27,0
2025-11-27T01:00:00,0,0.0,35,0
2025-11-27T02:00:00,39,0.0,37,0
2025-11-27T03:00:00,4,1.0,35,0
2025-11-27T04:00:00,7,9.2,39,0
2025-11-27T05:00:00,28,4.1,29,0
2025-11-27T06:00:00,326,12.7,40,0
2025-11-27T07:00:00,458,8.8,40,0
2025-11-27T08:00:00,612,8.1,47,0
2025-11-27T09:00:00,80,12.4,40,0
2025-11-27T10:00:00,247,28.5,41,0
2025-11-27T11:00:00,381,24.5,47,0
2025-11-27T12:00:00,392,22.0,43,0
2025-11-27T13:00:00,233,35.9,49,0
2025-11-27T14:00:00,88,2.5,36,0
2025-11-27T15:00:00,226,17.1,47,0
2025-11-27T16:00:00,208,24.8,43,0
2025-11-27T17:00:00,570,44.5,70,0
2025-11-27T18:00:00,1087,60.0,100,1
2025-11-27T19:00:00,589,57.7,100,1
2025-11-27T20:00:00,81,24.0,50,0
2025-11-27T21:00:00,229,40.2,51,0
2025-11-27T22:00:00,143,18.1,38,0
2025-11-27T23:00:00,23,16.4,38,0
2025-11-28T00:00:00,41,1.2,27,0
2025-11-28T01:00:00,21,5.1,31,0
2025-11-28T02:00:00,42,3.9,40,0
2025-11-28T03:00:00,21,0.0,33,0
2025-11-28T04:00:00,0,1.5,26,0
2025-11-28T05:00:00,0,0.0,34,0
2025-11-28T06:00:00,572,35.1,61,0
2025-11-28T07:00:00,814,23.9,59,0
2025-11-28T08:00:00,375,44.2,56,0
2025-11-28T09:00:00,242,37.5,47,0
2025-11-28T10:00:00,133,28.0,32,0
2025-11-28T11:00:00,196,35.7,51,0
2025-11-28T12:00:00,353,29.4,43,0
2025-11-28T13:00:00,152,4.9,34,0
2025-11-28T14:00:00,276,16.0,37,0
2025-11-28T15:00:00,139,32.9,56,0
2025-11-28T16:00:00,46,6.1,22,0
2025-11-28T17:00:00,651,29.7,48,0
2025-11-28T18:00:00,740,58.3,100,1
2025-11-28T19:00:00,383,28.0,57,0
2025-11-28T20:00:00,82,31.9,38,0
2025-11-28T21:00:00,265,5.4,32,0
2025-11-28T22:00:00,73,38.3,55,0
2025-11-28T23:00:00,142,20.5,48,0
2025-11-29T00:00:00,0,12.3,45,0
2025-11-29T01:00:00,0,0.5,36,0
2025-11-29T02:00:00,0,2.4,39,0
2025-11-29T03:00:00,44,4.4,34,0
2025-11-29T04:00:00,6,7.4,36,0
2025-11-29T05:00:00,5,11.8,51,0
2025-11-29T06:00:00,728,29.1,52,0
2025-11-29T07:00:00,458,1.2,38,0
2025-11-29T08:00:00,601,6.8,45,0
2025-11-29T09:00:00,240,39.2,40,0
2025-11-29T10:00:00,233,13.1,38,0
2025-11-29T11:00:00,227,23.2,43,0
2025-11-29T12:00:00,395,18.0,50,0
2025-11-29T13:00:00,113,0.0,27,0
2025-11-29T14:00:00,282,25.7,42,0
2025-11-29T15:00:00,253,26.5,50,0
2025-11-29T16:00:00,207,25.8,44,0
2025-11-29T17:00:00,383,38.7,53,0
2025-11-29T18:00:00,514,33.0,55,0
2025-11-29T19:00:00,1093,60.0,100,1
2025-11-29T20:00:00,155,34.1,43,0
2025-11-29T21:00:00,131,48.8,58,0
2025-11-29T22:00:00,102,5.4,28,0
2025-11-29T23:00:00,152,19.1,53,0
2025-11-30T00:00:00,0,4.6,33,0
2025-11-30T01:00:00,21,7.5,48,0
2025-11-30T02:00:00,0,7.9,44,0
2025-11-30T03:00:00,20,8.3,39,0
2025-11-30T04:00:00,29,7.1,41,0
2025-11-30T05:00:00,0,4.5,36,0
2025-11-30T06:00:00,668,21.3,53,0
2025-11-30T07:00:00,480,11.6,38,0
2025-11-30T08:00:00,649,5.9,44,0
2025-11-30T09:00:00,176,0.0,30,0
2025-11-30T10:00:00,213,45.7,44,0
2025-11-30T11:00:00,367,10.3,43,0
2025-11-30T12:00:00,146,23.5,51,0
2025-11-30T13:00:00,355,38.3,51,0
2025-11-30T14:00:00,346,31.4,46,0
2025-11-30T15:00:00,266,34.7,56,0
2025-11-30T16:00:00,166,47.4,58,0
2025-11-30T17:00:00,799,46.2,72,0
2025-11-30T18:00:00,744,29.0,54,0
2025-11-30T19:00:00,657,33.3,57,0
2025-11-30T20:00:00,107,53.0,100,1
2025-11-30T21:00:00,0,51.5,87,1
2025-11-30T22:00:00,235,8.1,39,0
2025-11-30T23:00:00,0,5.1,37,0
2025-12-01T00:00:00,37,7.1,50,0
2025-12-01T01:00:00,0,11.1,41,0
2025-12-01T02:00:00,0,7.3,39,0
2025-12-01T03:00:00,0,9.5,30,0
2025-12-01T04:00:00,76,6.8,50,0
2025-12-01T05:00:00,0,10.1,32,0
2025-12-01T06:00:00,755,20.3,45,0
2025-12-01T07:00:00,637,7.6,30,0
2025-12-01T08:00:00,347,26.3,61,0
2025-12-01T09:00:00,262,18.7,46,0
2025-12-01T10:00:00,273,28.6,53,0
2025-12-01T11:00:00,423,27.4,52,0
2025-12-01T12:00:00,164,32.4,44,0
2025-12-01T13:00:00,502,47.5,59,0
2025-12-01T14:00:00,214,39.1,51,0
2025-12-01T15:00:00,232,35.2,53,0
2025-12-01T16:00:00,201,50.2,96,1
2025-12-01T17:00:00,1040,60.0,100,1
2025-12-01T18:00:00,435,43.3,56,0
2025-12-01T19:00:00,558,29.3,60,0
2025-12-01T20:00:00,224,60.0,100,1
2025-12-01T21:00:00,0,45.0,51,0
2025-12-01T22:00:00,0,30.4,42,0
2025-12-01T23:00:00,0,35.7,62,0
2025-12-02T00:00:00,97,10.1,52,0
2025-12-02T01:00:00,48,0.0,27,0
2025-12-02T02:00:00,10,5.0,40,0
2025-12-02T03:00:00,24,9.9,41,0
2025-12-02T04:00:00,0,9.4,36,0
2025-12-02T05:00:00,26,9.6,44,0
2025-12-02T06:00:00,757,12.7,45,0
2025-12-02T07:00:00,971,12.6,56,0
2025-12-02T08:00:00,671,19.7,54,0
2025-12-02T09:00:00,148,30.3,44,0
2025-12-02T10:00:00,62,21.3,39,0
2025-12-02T11:00:00,249,31.7,47,0
2025-12-02T12:00:00,393,33.5,60,0
2025-12-02T13:00:00,209,23.8,47,0
2025-12-02T14:00:00,162,0.0,24,0
2025-12-02T15:00:00,227,13.7,39,0
2025-12-02T16:00:00,44,26.1,42,0
2025-12-02T17:00:00,820,60.0,100,1
2025-12-02T18:00:00,637,10.6,44,0
2025-12-02T19:00:00,983,56.6,100,1
2025-12-02T20:00:00,64,38.1,54,0
2025-12-02T21:00:00,132,60.0,100,1
2025-12-02T22:00:00,72,9.6,37,0
2025-12-02T23:00:00,197,0.0,35,0
2025-12-03T00:00:00,0,0.0,32,0
2025-12-03T01:00:00,0,3.0,37,0
2025-12-03T02:00:00,0,0.0,34,0
2025-12-03T03:00:00,0,3.2,35,0
2025-12-03T04:00:00,0,18.3,44,0
2025-12-03T05:00:00,0,0.0,41,0
2025-12-03T06:00:00,9,1.8,19,0
2025-12-03T07:00:00,644,18.2,47,0
2025-12-03T08:00:00,465,11.3,44,0
2025-12-03T09:00:00,19,29.8,36,0
2025-12-03T10:00:00,92,17.7,38,0
2025-12-03T11:00:00,29,56.7,95,1
2025-12-03T12:00:00,230,20.8,48,0
2025-12-03T13:00:00,239,12.2,40,0
2025-12-03T14:00:00,123,23.7,44,0
2025-12-03T15:00:00,1,55.6,100,1
2025-12-03T16:00:00,133,24.1,30,0
2025-12-03T17:00:00,736,47.0,64,0
2025-12-03T18:00:00,679,37.0,58,0
2025-12-03T19:00:00,779,60.0,100,1
2025-12-03T20:00:00,107,15.0,39,0
2025-12-03T21:00:00,140,54.7,93,1
2025-12-03T22:00:00,49,27.8,37,0
2025-12-03T23:00:00,159,11.9,45,0
2025-12-04T00:00:00,0,8.2,40,0
2025-12-04T01:00:00,0,5.0,43,0
2025-12-04T02:00:00,0,3.6,46,0
2025-12-04T03:00:00,0,5.9,39,0
2025-12-04T04:00:00,29,9.4,50,0
2025-12-04T05:00:00,0,10.5,50,0
2025-12-04T06:00:00,552,12.8,48,0
2025-12-04T07:00:00,769,34.2,58,0
2025-12-04T08:00:00,383,13.8,46,0
2025-12-04T09:00:00,379,25.2,47,0
2025-12-04T10:00:00,299,23.4,44,0
2025-12-04T11:00:00,251,11.6,49,0
2025-12-04T12:00:00,177,15.1,40,0
2025-12-04T13:00:00,331,12.6,30,0
2025-12-04T14:00:00,121,3.0,28,0
2025-12-04T15:00:00,179,12.6,30,0
2025-12-04T16:00:00,149,60.0,100,1
2025-12-04T17:00:00,338,37.8,62,0
2025-12-04T18:00:00,848,60.0,100,1
2025-12-04T19:00:00,1033,48.7,68,0
2025-12-04T20:00:00,0,34.8,38,0
2025-12-04T21:00:00,161,22.7,44,0
2025-12-04T22:00:00,232,11.2,34,0
2025-12-04T23:00:00,70,0.0,34,0
2025-12-05T00:00:00,0,0.0,34,0
2025-12-05T01:00:00,0,6.0,40,0
2025-12-05T02:00:00,32,8.0,32,0
2025-12-05T03:00:00,57,3.9,40,0
2025-12-05T04:00:00,38,1.9,45,0
2025-12-05T05:00:00,26,2.3,46,0
2025-12-05T06:00:00,216,0.0,23,0
2025-12-05T07:00:00,1005,0.0,45,0
2025-12-05T08:00:00,493,33.5,58,0
2025-12-05T09:00:00,258,8.6,38,0
2025-12-05T10:00:00,273,15.4,46,0
2025-12-05T11:00:00,186,18.6,37,0
2025-12-05T12:00:00,288,21.3,51,0
2025-12-05T13:00:00,469,0.0,34,0
2025-12-05T14:00:00,289,14.8,35,0
2025-12-05T15:00:00,239,34.7,51,0
2025-12-05T16:00:00,141,12.6,43,0
2025-12-05T17:00:00,879,29.4,57,0
2025-12-05T18:00:00,594,53.6,100,1
2025-12-05T19:00:00,562,47.5,60,0
2025-12-05T20:00:00,114,25.1,39,0
2025-12-05T21:00:00,236,16.3,48,0
2025-12-05T22:00:00,82,51.8,94,1
2025-12-05T23:00:00,65,18.9,45,0
2025-12-06T00:00:00,0,7.3,43,0
2025-12-06T01:00:00,1,7.7,36,0
2025-12-06T02:00:00,4,12.4,42,0
2025-12-06T03:00:00,3,3.1,32,0
2025-12-06T04:00:00,26,2.2,37,0
2025-12-06T05:00:00,0,2.7,43,0
2025-12-06T06:00:00,496,10.7,39,0
2025-12-06T07:00:00,633,14.0,43,0
2025-12-06T08:00:00,680,17.1,52,0
2025-12-06T09:00:00,226,32.0,56,0
2025-12-06T10:00:00,200,14.8,37,0
2025-12-06T11:00:00,270,47.4,58,0
2025-12-06T12:00:00,506,20.8,45,0
2025-12-06T13:00:00,470,23.9,46,0
2025-12-06T14:00:00,169,37.5,50,0
2025-12-06T15:00:00,108,26.9,44,0
2025-12-06T16:00:00,156,15.6,45,0
2025-12-06T17:00:00,1076,60.0,100,1
2025-12-06T18:00:00,605,26.6,57,0
2025-12-06T19:00:00,287,60.0,100,1
2025-12-06T20:00:00,160,55.5,100,1
2025-12-06T21:00:00,21,48.9,47,0
2025-12-06T22:00:00,97,18.3,36,0
2025-12-06T23:00:00,137,2.7,42,0
2025-12-07T00:00:00,0,7.0,43,0
2025-12-07T01:00:00,14,1.2,27,0
2025-12-07T02:00:00,12,7.1,38,0
2025-12-07T03:00:00,12,4.7,42,0
2025-12-07T04:00:00,0,5.7,31,0
2025-12-07T05:00:00,0,2.8,32,0
2025-12-07T06:00:00,285,27.2,51,0
2025-12-07T07:00:00,629,10.6,39,0
2025-12-07T08:00:00,703,18.3,49,0
2025-12-07T09:00:00,149,42.1,45,0
2025-12-07T10:00:00,218,13.9,37,0
2025-12-07T11:00:00,229,28.7,53,0
2025-12-07T12:00:00,222,0.0,31,0
2025-12-07T13:00:00,38,17.9,37,0
2025-12-07T14:00:00,5,37.4,50,0
2025-12-07T15:00:00,148,42.2,56,0
2025-12-07T16:00:00,70,14.8,35,0
2025-12-07T17:00:00,345,35.6,54,0
2025-12-07T18:00:00,779,14.1,46,0
2025-12-07T19:00:00,346,37.9,52,0
2025-12-07T20:00:00,82,19.6,46,0
2025-12-07T21:00:00,159,9.2,32,0
2025-12-07T22:00:00,151,35.1,55,0
2025-12-07T23:00:00,79,12.6,42,0
2025-12-08T00:00:00,6,0.0,37,0
2025-12-08T01:00:00,0,0.0,40,0
2025-12-08T02:00:00,0,5.8,33,0
2025-12-08T03:00:00,0,8.9,44,0
2025-12-08T04:00:00,5,13.8,39,0
2025-12-08T05:00:00,1,7.7,38,0
2025-12-08T06:00:00,291,21.9,47,0
2025-12-08T07:00:00,229,5.1,32,0
2025-12-08T08:00:00,1032,15.6,51,0
2025-12-08T09:00:00,440,17.3,44,0
2025-12-08T10:00:00,91,24.9,37,0
2025-12-08T11:00:00,83,16.7,25,0
2025-12-08T12:00:00,217,16.2,36,0
2025-12-08T13:00:00,210,46.6,56,0
2025-12-08T14:00:00,255,20.5,38,0
2025-12-08T15:00:00,238,5.6,33,0
2025-12-08T16:00:00,71,24.6,31,0
2025-12-08T17:00:00,648,48.7,61,0
2025-12-08T18:00:00,841,33.6,59,0
2025-12-08T19:00:00,682,36.5,64,0
2025-12-08T20:00:00,126,30.6,53,0
2025-12-08T21:00:00,254,60.0,100,1
2025-12-08T22:00:00,29,19.1,30,0
2025-12-08T23:00:00,163,23.7,48,0
2025-12-09T00:00:00,0,0.0,43,0
2025-12-09T01:00:00,14,4.2,37,0
2025-12-09T02:00:00,51,7.0,30,0
2025-12-09T03:00:00,0,3.0,29,0
2025-12-09T04:00:00,0,0.0,29,0
2025-12-09T05:00:00,12,8.3,47,0
2025-12-09T06:00:00,664,5.3,41,0
2025-12-09T07:00:00,386,24.1,52,0
2025-12-09T08:00:00,621,13.5,42,0
2025-12-09T09:00:00,271,58.1,100,1
2025-12-09T10:00:00,60,5.5,29,0
2025-12-09T11:00:00,130,20.6,43,0
2025-12-09T12:00:00,333,9.5,37,0
2025-12-09T13:00:00,232,26.9,49,0
2025-12-09T14:00:00,128,29.9,53,0
2025-12-09T15:00:00,0,43.9,38,0
2025-12-09T16:00:00,300,0.0,34,0
2025-12-09T17:00:00,409,60.0,100,1
2025-12-09T18:00:00,520,58.6,100,1
2025-12-09T19:00:00,496,60.0,100,1
2025-12-09T20:00:00,36,34.4,46,0
2025-12-09T21:00:00,130,0.0,26,0
2025-12-09T22:00:00,264,18.2,41,0
2025-12-09T23:00:00,227,24.4,44,0
